General poloidal plus toroidal field
135 3 -3
 1  0  9.364696e+00 -1.134135e-06
 1  1  2.767176e+01 -1.533867e+00
 2  0 -1.663611e+00 -1.134135e-06
 2  1  1.343501e+01  3.895565e-01
 2  2 -4.743703e+00 -1.177311e+01
 3  0 -2.496996e+00 -1.134135e-06
 3  1  3.910597e+00  7.346956e-01
 3  2 -2.458653e+00 -6.112595e+00
 3  3  2.769724e+00 -7.851568e+00
 4  0 -8.660945e-01 -1.134135e-06
 4  1  7.260477e-01  2.050650e-01
 4  2 -5.779176e-01 -1.542620e+00
 4  3  9.588628e-01 -4.240079e+00
 4  4  1.703090e+00 -2.893997e+00
 5  0 -4.447505e-02 -1.134135e-06
 5  1  2.314983e-01 -3.839359e-02
 5  2 -9.945781e-02 -3.320855e-01
 5  3 -8.265761e-02 -8.209219e-01
 5  4  4.543771e-01 -1.047099e+00
 5  5  1.762996e-02 -1.041626e+00
 6  0  1.685600e-02 -1.134135e-06
 6  1  7.793754e-02 -2.325919e-03
 6  2 -4.391501e-02 -1.066133e-01
 6  3 -7.335004e-02  1.510693e-02
 6  4  2.765399e-02  6.102009e-03
 6  5 -5.129268e-02 -1.575989e-01
 6  6 -1.521375e-01  8.300190e-02
 7  0 -1.138316e-02 -1.134135e-06
 7  1  8.870158e-03  7.923190e-03
 7  2 -1.191311e-04  1.646165e-02
 7  3 -4.901956e-03 -6.613862e-03
 7  4  5.314923e-02  2.256641e-02
 7  5 -5.716120e-03  2.133491e-02
 7  6 -3.121188e-03  2.215875e-02
 7  7  3.580615e-02  1.406779e-02
 8  0 -2.575084e-03 -1.134135e-06
 8  1  5.932871e-03  1.474481e-04
 8  2  2.775341e-03  6.749720e-03
 8  3 -8.722598e-03  9.680011e-03
 8  4  8.859123e-03 -1.136187e-02
 8  5  1.188654e-02 -4.102888e-02
 8  6 -1.374214e-02 -1.383448e-02
 8  7  9.663831e-03  2.042233e-03
 8  8  1.290011e-03 -2.193096e-03
 9  0 -1.426862e-03 -1.134135e-06
 9  1 -1.193549e-03  3.281283e-03
 9  2 -8.575855e-04 -1.783702e-03
 9  3  3.973074e-03  6.916444e-03
 9  4  5.129893e-03  1.784336e-03
 9  5 -7.311818e-04 -4.246598e-03
 9  6 -8.566837e-03 -3.198229e-04
 9  7  1.825616e-03  6.319405e-03
 9  8 -2.158870e-03  1.141854e-03
 9  9  1.378714e-03  2.517409e-03
10  0 -1.362558e-03 -1.134135e-06
10  1 -1.802860e-03  6.067118e-04
10  2  9.058230e-04  2.317596e-03
10  3  2.438891e-03 -2.935312e-03
10  4  5.229538e-03 -5.772597e-03
10  5 -3.671429e-04  9.290508e-04
10  6  5.794586e-03  4.379381e-03
10  7 -4.374169e-03  9.160050e-04
10  8 -3.229793e-03  1.158358e-03
10  9 -2.135121e-03  5.907049e-04
10 10 -7.985094e-05 -2.401869e-04
11  0 -1.990228e-04 -1.134135e-06
11  1 -6.353357e-05 -3.980157e-04
11  2 -7.508584e-04 -3.582776e-03
11  3 -1.197337e-04  1.244022e-04
11  4 -6.505805e-03 -7.139663e-04
11  5 -2.727965e-04 -1.267505e-04
11  6  4.674942e-04 -1.640423e-05
11  7  8.399181e-04 -2.510635e-03
11  8  2.792247e-03 -3.073596e-03
11  9 -2.819880e-03 -4.313329e-03
11 10 -1.109449e-03  1.740101e-04
11 11  8.458013e-05 -1.448120e-04
12  0 -4.909771e-04 -1.134135e-06
12  1 -5.951113e-04  1.160535e-04
12  2 -2.301622e-04 -9.766001e-04
12  3  8.009916e-04 -1.066988e-03
12  4 -1.121562e-03  1.109444e-03
12  5 -1.095634e-03  4.375954e-03
12  6  7.984791e-04  3.852268e-04
12  7  1.526594e-03 -8.180096e-05
12  8  2.197964e-03 -1.571444e-03
12  9  2.975298e-03 -1.626041e-04
12 10  7.599337e-04  2.039328e-05
12 11  1.112316e-03 -1.387758e-05
12 12  1.564965e-04 -1.631743e-04
13  0 -4.004441e-04 -1.134135e-06
13  1  2.739795e-04 -5.072342e-04
13  2  1.935663e-04 -3.993528e-05
13  3 -8.745234e-04 -5.466088e-04
13  4 -1.038855e-03 -3.473608e-05
13  5  2.734728e-04 -4.865406e-04
13  6 -3.758542e-05 -3.269797e-05
13  7 -9.586331e-05  6.350198e-05
13  8 -1.356530e-03  1.750566e-03
13  9  2.239713e-03  3.276498e-03
13 10  1.224374e-03 -1.858147e-04
13 11 -4.001779e-04  7.198212e-04
13 12  1.984955e-04  1.288352e-04
13 13  2.315468e-05 -2.260904e-05
14  0 -4.145446e-04 -1.134135e-06
14  1  1.229348e-04 -4.872222e-05
14  2  2.145530e-05 -4.682977e-04
14  3 -3.357277e-04  3.723592e-04
14  4 -9.427014e-04  9.350673e-04
14  5  8.105190e-05 -2.748325e-04
14  6 -1.207395e-03 -5.625935e-04
14  7  6.903747e-04  4.227125e-06
14  8 -3.438493e-04  3.087240e-04
14  9 -1.586246e-03 -7.616676e-05
14 10 -1.017256e-03  1.967484e-04
14 11 -1.908612e-03  4.563036e-05
14 12 -6.639833e-04  5.686720e-04
14 13 -2.436373e-04 -1.548103e-05
14 14 -2.825936e-05  3.056573e-05
15  0 -5.315498e-04 -1.134135e-06
15  1 -8.071562e-05  5.704924e-05
15  2  4.282463e-04  8.447557e-04
15  3 -8.714099e-05 -5.251876e-05
15  4  1.543160e-03 -8.993671e-05
15  5  1.046646e-04 -2.921182e-04
15  6  1.061934e-04  3.440395e-05
15  7 -5.365787e-04  3.763700e-04
15  8 -2.365395e-04  3.411066e-04
15  9 -5.881344e-04 -8.782292e-04
15 10 -5.389792e-04  2.070557e-05
15 11  6.047426e-04 -1.090196e-03
15 12 -3.133207e-04 -3.994095e-04
15 13 -7.771165e-05 -2.985513e-06
15 14  2.491642e-05 -2.065364e-05
15 15  7.513966e-06 -2.290874e-05

 1  0 -8.201114e+00 -1.134135e-06
 1  1  5.805956e+00  1.739512e+01
 2  0 -2.509983e+00 -1.134135e-06
 2  1 -4.063951e+00  5.312091e+00
 2  2  2.494099e+00  4.336494e+00
 3  0  7.923602e-01 -1.134135e-06
 3  1 -2.287457e+00  4.898138e-01
 3  2  2.092778e+00  4.194522e+00
 3  3 -3.072265e+00  5.336308e+00
 4  0  6.310761e-01 -1.134135e-06
 4  1 -3.406781e-01 -6.311838e-02
 4  2  5.209514e-01  1.104151e+00
 4  3 -1.360241e+00  4.607740e+00
 4  4 -1.425678e+00  2.756781e+00
 5  0 -1.820860e-02 -1.134135e-06
 5  1 -1.996751e-01  1.296084e-01
 5  2  5.010829e-02  2.099515e-01
 5  3  1.601027e-01  1.042318e+00
 5  4 -2.526643e-01  1.163511e+00
 5  5 -2.683447e-02  1.030528e+00
 6  0 -4.429016e-02 -1.134135e-06
 6  1 -1.151025e-01  8.419227e-03
 6  2  5.205329e-02  1.177288e-01
 6  3  1.246036e-01 -1.083905e-01
 6  4  1.993789e-02 -1.822123e-01
 6  5  1.011639e-01 -1.862620e-03
 6  6  1.290348e-01 -1.023640e-01
 7  0  1.843560e-02 -1.134135e-06
 7  1 -1.022200e-02 -2.069746e-02
 7  2 -1.534530e-02 -7.772361e-02
 7  3 -2.916232e-04  7.295190e-03
 7  4 -1.619568e-01 -5.035010e-02
 7  5 -4.785864e-03 -5.555144e-02
 7  6 -3.145607e-02 -1.630921e-02
 7  7 -3.006313e-02 -3.223684e-03
 8  0  2.668747e-03 -1.134135e-06
 8  1 -1.537265e-02  1.577457e-03
 8  2 -8.955664e-03 -1.916361e-02
 8  3  2.191734e-02 -3.503714e-02
 8  4 -2.117687e-02  3.562156e-02
 8  5 -3.829023e-02  1.355939e-01
 8  6  5.437936e-02  4.813108e-02
 8  7 -1.870510e-02 -1.417050e-03
 8  8 -4.292006e-03  1.580227e-03
 9  0  2.937603e-03 -1.134135e-06
 9  1  4.821383e-03 -1.016811e-02
 9  2  3.356115e-03  6.765034e-03
 9  3 -1.989562e-02 -1.846563e-02
 9  4 -2.095922e-02 -3.530563e-03
 9  5  5.945305e-03  1.024260e-03
 9  6  1.978389e-02 -4.607576e-03
 9  7  6.271536e-04 -2.274082e-02
 9  8  1.018545e-02 -6.888071e-03
 9  9 -4.084939e-03 -8.593988e-03
10  0  2.241335e-03 -1.134135e-06
10  1  4.252079e-03  9.604161e-04
10  2 -2.805642e-03 -6.896977e-03
10  3 -8.681179e-03  1.375126e-02
10  4 -1.540740e-02  2.499316e-02
10  5  1.584413e-03 -4.241972e-03
10  6 -2.711653e-02 -1.781136e-02
10  7  2.025495e-02 -1.144612e-04
10  8  1.189241e-02 -4.404755e-03
10  9  1.118021e-02  5.832805e-04
10 10  1.015406e-03  5.333564e-04
11  0 -1.470869e-03 -1.134135e-06
11  1 -2.467005e-03  4.169395e-03
11  2  4.889650e-03  1.828447e-02
11  3  6.671160e-04 -3.564506e-04
11  4  3.379380e-02 -3.606172e-04
11  5  2.334060e-03 -3.909887e-03
11  6 -3.993134e-04  1.129805e-03
11  7 -7.874409e-03  1.184782e-02
11  8 -1.630614e-02  1.722186e-02
11  9  1.088364e-02  2.064355e-02
11 10  4.684420e-03 -7.511578e-04
11 11 -8.565966e-04  8.063080e-04
12  0 -8.093645e-05 -1.134135e-06
12  1  1.090448e-04  1.872439e-03
12  2  1.600821e-03  3.440981e-03
12  3 -3.420595e-03  6.271608e-03
12  4  3.904465e-03 -5.697927e-03
12  5  5.227714e-03 -2.241231e-02
12  6 -4.252559e-03 -1.832150e-03
12  7 -7.631703e-03 -4.962993e-04
12  8 -9.523731e-03  6.328008e-03
12  9 -1.820066e-02 -3.067902e-03
12 10 -5.358253e-03  4.402660e-04
12 11 -5.676333e-03 -3.822388e-04
12 12 -8.410918e-04  5.682557e-04
13  0 -5.974819e-04 -1.134135e-06
13  1 -4.571381e-03  5.167436e-03
13  2 -2.033353e-04  1.236719e-04
13  3  5.715829e-03  2.290211e-03
13  4  6.215367e-03 -1.954497e-04
13  5 -2.169281e-03  5.148243e-03
13  6  2.110154e-03  9.331532e-04
13  7  6.195433e-04 -3.914020e-04
13  8  9.218636e-03 -1.147397e-02
13  9 -1.036305e-02 -1.863628e-02
13 10 -5.607761e-03  6.335961e-04
13 11  3.879691e-03 -4.479580e-03
13 12 -8.705350e-04 -1.205249e-03
13 13  4.397843e-05  2.648155e-05
14  0 -3.125130e-04 -1.134135e-06
14  1 -3.093500e-03  2.103668e-03
14  2  8.194334e-04  1.907428e-03
14  3  1.507203e-03 -2.345410e-03
14  4  3.766419e-03 -5.789118e-03
14  5 -5.341568e-04  1.716270e-03
14  6  7.387750e-03  3.463623e-03
14  7 -3.882388e-03 -3.335398e-04
14  8  1.785444e-03 -1.385573e-03
14  9  1.133339e-02  2.601004e-03
14 10  7.411918e-03 -1.529165e-03
14 11  1.147664e-02  6.821226e-04
14 12  4.561050e-03 -3.293528e-03
14 13  1.630576e-03  9.017202e-05
14 14  1.203729e-04 -1.803748e-04
15  0  2.722071e-04 -1.134135e-06
15  1 -1.982327e-03  1.718048e-03
15  2 -1.690887e-03 -6.284782e-03
15  3  3.611947e-04  4.066972e-04
15  4 -1.118872e-02  1.402910e-03
15  5 -9.055242e-04  2.851898e-03
15  6 -1.209781e-03 -4.586702e-04
15  7  4.781504e-03 -2.502846e-03
15  8  1.801578e-03 -2.593685e-03
15  9  3.191716e-03  5.833883e-03
15 10  2.572475e-03  1.634253e-04
15 11 -6.244239e-03  7.809263e-03
15 12  1.097679e-03  3.594894e-03
15 13  4.400647e-05  3.828520e-05
15 14 -3.077100e-04  3.817256e-04
15 15 -1.304121e-04  2.473180e-04

 1  0  4.944660e+01 -1.134135e-06
 1  1 -1.014957e+01  8.395930e+00
 2  0  2.511067e+01 -1.134135e-06
 2  1  1.307793e+00 -2.774817e+00
 2  2  1.801662e+00 -4.026692e-01
 3  0  6.172343e+00 -1.134135e-06
 3  1  1.967009e+00 -2.849895e+00
 3  2 -7.050889e-01  1.704022e-01
 3  3  1.531663e+00 -3.414489e-03
 4  0  8.096190e-01 -1.134135e-06
 4  1  4.283147e-01 -7.934229e-01
 4  2 -9.207212e-01  2.029916e-01
 4  3  1.193387e-01  8.167706e-03
 4  4  5.031186e-01  4.410614e-01
 5  0  4.205220e-01 -1.134135e-06
 5  1 -1.185160e-02 -1.072163e-01
 5  2 -2.720379e-01  6.269543e-02
 5  3 -6.939320e-02  1.486387e-02
 5  4  1.674066e-02  7.179418e-02
 5  5  1.955496e-01 -1.147876e-02
 6  0  1.214006e-01 -1.134135e-06
 6  1  5.328563e-03 -4.682865e-02
 6  2 -1.060965e-02  7.865671e-03
 6  3  1.623685e-03  3.030151e-03
 6  4 -1.788537e-02 -2.762050e-04
 6  5 -5.593724e-03 -1.083474e-03
 6  6 -1.680590e-02 -2.078128e-02
 7  0 -7.654921e-03 -1.134135e-06
 7  1 -1.308377e-02 -5.964758e-04
 7  2 -4.280133e-03  1.896742e-03
 7  3 -1.712175e-02 -1.722794e-03
 7  4 -1.596830e-03  9.355405e-03
 7  5  9.577036e-04  2.035194e-03
 7  6  2.304158e-03  2.274309e-03
 7  7 -4.186217e-03  5.709693e-03
 8  0  8.188880e-03 -1.134135e-06
 8  1 -7.474855e-03  2.900758e-03
 8  2  3.956478e-03 -5.181029e-04
 8  3 -4.499324e-03 -1.694455e-05
 8  4 -5.096488e-03 -7.358365e-03
 8  5 -1.138550e-03  2.547072e-04
 8  6 -7.477025e-04 -3.618379e-03
 8  7 -8.583863e-04  2.348417e-03
 8  8  1.304713e-03  2.360166e-04
 9  0 -1.160887e-02 -1.134135e-06
 9  1 -7.542410e-04 -3.255435e-03
 9  2  5.154992e-03 -3.096878e-04
 9  3 -1.935378e-04 -1.292166e-04
 9  4  3.349547e-03 -4.662183e-03
 9  5  6.522832e-04  8.869649e-04
 9  6 -3.541149e-04  5.965657e-04
 9  7  6.164259e-05  1.089541e-03
 9  8  1.270326e-03  3.421954e-04
 9  9 -3.320221e-05  1.300575e-04
10  0 -4.149688e-03 -1.134135e-06
10  1 -2.646103e-03 -1.082355e-03
10  2 -9.252507e-04  1.798364e-04
10  3 -1.312476e-03  6.821631e-05
10  4  8.979080e-04  7.703687e-04
10  5  3.212947e-03  2.558178e-05
10  6 -3.974564e-04 -1.881027e-03
10  7  3.365678e-04 -5.710543e-04
10  8 -1.268466e-03 -1.720502e-04
10  9  4.540814e-04  2.210652e-04
10 10 -6.976121e-05 -1.441046e-04
11  0  1.016968e-03 -1.134135e-06
11  1 -5.426295e-04 -3.239021e-03
11  2 -3.774078e-05 -8.997421e-05
11  3  2.473947e-03  3.264228e-04
11  4  6.967325e-04 -6.507815e-04
11  5 -1.374522e-03 -4.659505e-04
11  6 -8.069117e-04 -1.738393e-05
11  7 -8.945560e-05  3.954561e-04
11  8 -2.052993e-04  1.210711e-05
11  9  4.375277e-05  2.428210e-04
11 10 -2.065493e-04 -8.133188e-05
11 11 -9.676667e-05 -6.551607e-05
12  0 -1.193492e-03 -1.134135e-06
12  1 -1.440441e-03 -2.481837e-03
12  2 -4.151099e-04 -2.123104e-05
12  3  2.015219e-04  5.068817e-05
12  4  7.568497e-04  6.878152e-04
12  5 -2.823735e-04 -5.308124e-05
12  6  3.570559e-04  1.154147e-03
12  7  3.061678e-04 -1.200470e-03
12  8  2.048796e-04  6.367853e-05
12  9 -4.102503e-04  1.328714e-04
12 10  2.117112e-04  4.927620e-04
12 11  6.250278e-05 -3.734422e-05
12 12  1.167702e-04 -6.379491e-05
13  0  2.307691e-03 -1.134135e-06
13  1 -1.803374e-03 -1.841430e-03
13  2 -5.778719e-04 -1.627298e-05
13  3  6.776467e-05  8.899221e-05
13  4 -1.091010e-03  5.428226e-04
13  5 -4.138252e-04 -9.907712e-05
13  6  1.284269e-04 -1.546951e-04
13  7 -2.502847e-05 -2.644487e-04
13  8 -3.312235e-04 -1.246979e-04
13  9  1.247655e-04 -9.335545e-05
13 10  1.230096e-04 -7.627807e-05
13 11  7.295276e-05 -7.778587e-05
13 12 -1.369023e-04 -7.998546e-05
13 13  1.181978e-04 -8.377838e-05
14  0  4.089333e-04 -1.134135e-06
14  1 -1.521113e-03 -2.108980e-03
14  2  2.881372e-04 -7.020554e-05
14  3  1.741087e-04  1.794085e-06
14  4 -2.736938e-04 -3.179995e-04
14  5 -5.454122e-04 -9.133808e-06
14  6  3.413944e-05  2.454630e-04
14  7 -1.616489e-04  2.505118e-04
14  8  1.067905e-03  3.968787e-04
14  9 -3.107244e-04 -9.158491e-06
14 10 -6.352507e-06  2.903168e-05
14 11 -3.453039e-04  5.615207e-06
14 12 -1.633123e-04 -1.173007e-04
14 13 -7.478632e-05 -3.821391e-05
14 14 -3.669260e-05  7.428874e-05
15  0 -8.725924e-05 -1.134135e-06
15  1 -2.050553e-03 -1.494481e-03
15  2  6.275646e-05 -1.134738e-04
15  3 -9.084800e-04 -1.223645e-04
15  4 -3.360756e-04  1.174550e-04
15  5  4.597797e-04  8.137500e-05
15  6  2.623248e-04 -1.677603e-04
15  7  1.194573e-05  3.563838e-05
15  8  1.840803e-04 -2.634254e-05
15  9  3.674585e-05 -2.053075e-04
15 10  5.109526e-05 -4.185062e-05
15 11 -5.842969e-05  6.465305e-05
15 12  1.019697e-04  1.085844e-04
15 13 -1.043411e-04 -8.432442e-05
15 14  8.262677e-05 -2.602465e-05
15 15 -4.521410e-05  1.414667e-05

